{
 "cells": [
  {
   "cell_type": "code",
   "execution_count": 125,
   "metadata": {},
   "outputs": [],
   "source": [
    "%matplotlib inline\n",
    "import numpy as np\n",
    "import matplotlib.pyplot as plt\n",
    "import random"
   ]
  },
  {
   "cell_type": "code",
   "execution_count": 126,
   "metadata": {},
   "outputs": [],
   "source": [
    "#utitlity functions\n",
    "def isterminal(state, size):\n",
    "    if(state == (0,0) or state == (size-1,size-1)):\n",
    "        return True\n",
    "    return False"
   ]
  },
  {
   "cell_type": "code",
   "execution_count": 127,
   "metadata": {},
   "outputs": [],
   "source": [
    "class DP:\n",
    "    def __init__(self, size, actions, policy, discount):\n",
    "        self.size = size\n",
    "        self.actions = actions\n",
    "        self.discount = discount\n",
    "        self.policy = policy\n",
    "        \n",
    "    def getNextState(self, state, action):\n",
    "        if(isterminal(state, self.size)):\n",
    "            return state, 0\n",
    "        else:\n",
    "            next_state = tuple(np.array(state) + np.array(action))\n",
    "            if(next_state[0] < 4 and next_state[1] < 4):\n",
    "                return next_state, -1\n",
    "            else:\n",
    "                return state, -1\n",
    "        \n",
    "    def action_values(self, state, values):\n",
    "        expected_values = np.zeros(len(self.actions))\n",
    "        for i in range(len(self.actions)):\n",
    "            [new_state, reward] = self.getNextState(state, self.actions[i])\n",
    "            expected_values[i] += (reward + self.discount*values[new_state[0], new_state[1]])\n",
    "        return expected_values\n",
    "        \n",
    "    def policy_eval(self):\n",
    "        updated_values = np.zeros((self.size, self.size))\n",
    "        delta = 1000\n",
    "        \n",
    "        while(delta > 1e-5):\n",
    "            delta = 0\n",
    "            for i in range(self.size):\n",
    "                for j in range(self.size):\n",
    "                    value = 0\n",
    "                    state = (i,j)\n",
    "                    for a in range(len(self.actions)):\n",
    "                        [new_state, reward] = self.getNextState(state, self.actions[a])\n",
    "                        value += self.policy[state][a]*(reward + self.discount*updated_values[new_state[0], new_state[1]])\n",
    "                    delta = max(delta, np.abs(value - updated_values[i, j]))\n",
    "                    updated_values[i, j] = value\n",
    "                    \n",
    "        return updated_values\n",
    "    \n",
    "    def policy_iter(self):\n",
    "        stable = True\n",
    "        \n",
    "        while(True):\n",
    "            v = self.policy_eval()\n",
    "            stable = True\n",
    "            \n",
    "            for i in range(self.size):\n",
    "                for j in range(self.size):\n",
    "                    state = (i,j)\n",
    "                    best_action = np.argmax(self.policy[state])\n",
    "                    \n",
    "                    new_best_action = np.argmax(self.action_values(state, v))\n",
    "                    \n",
    "                    if(best_action != new_best_action):\n",
    "                        stable = False\n",
    "                    temp = np.zeros(4)\n",
    "                    temp[new_best_action] = 1\n",
    "                    self.policy[state] = np.eye(len(self.actions))[best_action]\n",
    "                    print(v)\n",
    "            if(stable):\n",
    "                return self.policy, v  \n",
    "        "
   ]
  },
  {
   "cell_type": "code",
   "execution_count": 128,
   "metadata": {},
   "outputs": [
    {
     "name": "stdout",
     "output_type": "stream",
     "text": [
      "[[  0.          -9.76649827 -11.16727335  -8.93381999]\n",
      " [ -9.76649827 -12.2645443  -12.76259949 -11.63420089]\n",
      " [-11.16727335 -12.76259949 -11.98439532  -9.20619685]\n",
      " [ -8.93381999 -11.63420089  -9.20619685   0.        ]]\n",
      "[[  0.          -9.76649827 -11.16727335  -8.93381999]\n",
      " [ -9.76649827 -12.2645443  -12.76259949 -11.63420089]\n",
      " [-11.16727335 -12.76259949 -11.98439532  -9.20619685]\n",
      " [ -8.93381999 -11.63420089  -9.20619685   0.        ]]\n",
      "[[  0.          -9.76649827 -11.16727335  -8.93381999]\n",
      " [ -9.76649827 -12.2645443  -12.76259949 -11.63420089]\n",
      " [-11.16727335 -12.76259949 -11.98439532  -9.20619685]\n",
      " [ -8.93381999 -11.63420089  -9.20619685   0.        ]]\n",
      "[[  0.          -9.76649827 -11.16727335  -8.93381999]\n",
      " [ -9.76649827 -12.2645443  -12.76259949 -11.63420089]\n",
      " [-11.16727335 -12.76259949 -11.98439532  -9.20619685]\n",
      " [ -8.93381999 -11.63420089  -9.20619685   0.        ]]\n",
      "[[  0.          -9.76649827 -11.16727335  -8.93381999]\n",
      " [ -9.76649827 -12.2645443  -12.76259949 -11.63420089]\n",
      " [-11.16727335 -12.76259949 -11.98439532  -9.20619685]\n",
      " [ -8.93381999 -11.63420089  -9.20619685   0.        ]]\n",
      "[[  0.          -9.76649827 -11.16727335  -8.93381999]\n",
      " [ -9.76649827 -12.2645443  -12.76259949 -11.63420089]\n",
      " [-11.16727335 -12.76259949 -11.98439532  -9.20619685]\n",
      " [ -8.93381999 -11.63420089  -9.20619685   0.        ]]\n",
      "[[  0.          -9.76649827 -11.16727335  -8.93381999]\n",
      " [ -9.76649827 -12.2645443  -12.76259949 -11.63420089]\n",
      " [-11.16727335 -12.76259949 -11.98439532  -9.20619685]\n",
      " [ -8.93381999 -11.63420089  -9.20619685   0.        ]]\n",
      "[[  0.          -9.76649827 -11.16727335  -8.93381999]\n",
      " [ -9.76649827 -12.2645443  -12.76259949 -11.63420089]\n",
      " [-11.16727335 -12.76259949 -11.98439532  -9.20619685]\n",
      " [ -8.93381999 -11.63420089  -9.20619685   0.        ]]\n",
      "[[  0.          -9.76649827 -11.16727335  -8.93381999]\n",
      " [ -9.76649827 -12.2645443  -12.76259949 -11.63420089]\n",
      " [-11.16727335 -12.76259949 -11.98439532  -9.20619685]\n",
      " [ -8.93381999 -11.63420089  -9.20619685   0.        ]]\n",
      "[[  0.          -9.76649827 -11.16727335  -8.93381999]\n",
      " [ -9.76649827 -12.2645443  -12.76259949 -11.63420089]\n",
      " [-11.16727335 -12.76259949 -11.98439532  -9.20619685]\n",
      " [ -8.93381999 -11.63420089  -9.20619685   0.        ]]\n",
      "[[  0.          -9.76649827 -11.16727335  -8.93381999]\n",
      " [ -9.76649827 -12.2645443  -12.76259949 -11.63420089]\n",
      " [-11.16727335 -12.76259949 -11.98439532  -9.20619685]\n",
      " [ -8.93381999 -11.63420089  -9.20619685   0.        ]]\n",
      "[[  0.          -9.76649827 -11.16727335  -8.93381999]\n",
      " [ -9.76649827 -12.2645443  -12.76259949 -11.63420089]\n",
      " [-11.16727335 -12.76259949 -11.98439532  -9.20619685]\n",
      " [ -8.93381999 -11.63420089  -9.20619685   0.        ]]\n",
      "[[  0.          -9.76649827 -11.16727335  -8.93381999]\n",
      " [ -9.76649827 -12.2645443  -12.76259949 -11.63420089]\n",
      " [-11.16727335 -12.76259949 -11.98439532  -9.20619685]\n",
      " [ -8.93381999 -11.63420089  -9.20619685   0.        ]]\n",
      "[[  0.          -9.76649827 -11.16727335  -8.93381999]\n",
      " [ -9.76649827 -12.2645443  -12.76259949 -11.63420089]\n",
      " [-11.16727335 -12.76259949 -11.98439532  -9.20619685]\n",
      " [ -8.93381999 -11.63420089  -9.20619685   0.        ]]\n",
      "[[  0.          -9.76649827 -11.16727335  -8.93381999]\n",
      " [ -9.76649827 -12.2645443  -12.76259949 -11.63420089]\n",
      " [-11.16727335 -12.76259949 -11.98439532  -9.20619685]\n",
      " [ -8.93381999 -11.63420089  -9.20619685   0.        ]]\n",
      "[[  0.          -9.76649827 -11.16727335  -8.93381999]\n",
      " [ -9.76649827 -12.2645443  -12.76259949 -11.63420089]\n",
      " [-11.16727335 -12.76259949 -11.98439532  -9.20619685]\n",
      " [ -8.93381999 -11.63420089  -9.20619685   0.        ]]\n"
     ]
    },
    {
     "ename": "KeyboardInterrupt",
     "evalue": "",
     "output_type": "error",
     "traceback": [
      "\u001b[0;31m---------------------------------------------------------------------------\u001b[0m",
      "\u001b[0;31mKeyboardInterrupt\u001b[0m                         Traceback (most recent call last)",
      "\u001b[0;32m<ipython-input-128-c9c1c38b65fd>\u001b[0m in \u001b[0;36m<module>\u001b[0;34m\u001b[0m\n\u001b[1;32m      7\u001b[0m \u001b[0mdp\u001b[0m \u001b[0;34m=\u001b[0m \u001b[0mDP\u001b[0m\u001b[0;34m(\u001b[0m\u001b[0;36m4\u001b[0m\u001b[0;34m,\u001b[0m \u001b[0;34m[\u001b[0m\u001b[0;34m(\u001b[0m\u001b[0;36m0\u001b[0m\u001b[0;34m,\u001b[0m\u001b[0;34m-\u001b[0m\u001b[0;36m1\u001b[0m\u001b[0;34m)\u001b[0m\u001b[0;34m,\u001b[0m\u001b[0;34m(\u001b[0m\u001b[0;36m0\u001b[0m\u001b[0;34m,\u001b[0m\u001b[0;36m1\u001b[0m\u001b[0;34m)\u001b[0m\u001b[0;34m,\u001b[0m\u001b[0;34m(\u001b[0m\u001b[0;36m1\u001b[0m\u001b[0;34m,\u001b[0m\u001b[0;36m0\u001b[0m\u001b[0;34m)\u001b[0m\u001b[0;34m,\u001b[0m\u001b[0;34m(\u001b[0m\u001b[0;34m-\u001b[0m\u001b[0;36m1\u001b[0m\u001b[0;34m,\u001b[0m\u001b[0;36m0\u001b[0m\u001b[0;34m)\u001b[0m\u001b[0;34m]\u001b[0m\u001b[0;34m,\u001b[0m \u001b[0mfake_policy\u001b[0m\u001b[0;34m,\u001b[0m \u001b[0;36m1\u001b[0m\u001b[0;34m)\u001b[0m\u001b[0;34m\u001b[0m\u001b[0;34m\u001b[0m\u001b[0m\n\u001b[1;32m      8\u001b[0m \u001b[0;34m\u001b[0m\u001b[0m\n\u001b[0;32m----> 9\u001b[0;31m \u001b[0mpolicy\u001b[0m\u001b[0;34m,\u001b[0m \u001b[0mv\u001b[0m \u001b[0;34m=\u001b[0m \u001b[0mdp\u001b[0m\u001b[0;34m.\u001b[0m\u001b[0mpolicy_iter\u001b[0m\u001b[0;34m(\u001b[0m\u001b[0;34m)\u001b[0m\u001b[0;34m\u001b[0m\u001b[0;34m\u001b[0m\u001b[0m\n\u001b[0m\u001b[1;32m     10\u001b[0m \u001b[0;34m\u001b[0m\u001b[0m\n\u001b[1;32m     11\u001b[0m \u001b[0mprint\u001b[0m\u001b[0;34m(\u001b[0m\u001b[0;34m\"policy distribution\"\u001b[0m\u001b[0;34m)\u001b[0m\u001b[0;34m\u001b[0m\u001b[0;34m\u001b[0m\u001b[0m\n",
      "\u001b[0;32m<ipython-input-127-335458aa30c2>\u001b[0m in \u001b[0;36mpolicy_iter\u001b[0;34m(self)\u001b[0m\n\u001b[1;32m     45\u001b[0m \u001b[0;34m\u001b[0m\u001b[0m\n\u001b[1;32m     46\u001b[0m         \u001b[0;32mwhile\u001b[0m\u001b[0;34m(\u001b[0m\u001b[0;32mTrue\u001b[0m\u001b[0;34m)\u001b[0m\u001b[0;34m:\u001b[0m\u001b[0;34m\u001b[0m\u001b[0;34m\u001b[0m\u001b[0m\n\u001b[0;32m---> 47\u001b[0;31m             \u001b[0mv\u001b[0m \u001b[0;34m=\u001b[0m \u001b[0mself\u001b[0m\u001b[0;34m.\u001b[0m\u001b[0mpolicy_eval\u001b[0m\u001b[0;34m(\u001b[0m\u001b[0;34m)\u001b[0m\u001b[0;34m\u001b[0m\u001b[0;34m\u001b[0m\u001b[0m\n\u001b[0m\u001b[1;32m     48\u001b[0m             \u001b[0mstable\u001b[0m \u001b[0;34m=\u001b[0m \u001b[0;32mTrue\u001b[0m\u001b[0;34m\u001b[0m\u001b[0;34m\u001b[0m\u001b[0m\n\u001b[1;32m     49\u001b[0m \u001b[0;34m\u001b[0m\u001b[0m\n",
      "\u001b[0;32m<ipython-input-127-335458aa30c2>\u001b[0m in \u001b[0;36mpolicy_eval\u001b[0;34m(self)\u001b[0m\n\u001b[1;32m     34\u001b[0m                     \u001b[0mstate\u001b[0m \u001b[0;34m=\u001b[0m \u001b[0;34m(\u001b[0m\u001b[0mi\u001b[0m\u001b[0;34m,\u001b[0m\u001b[0mj\u001b[0m\u001b[0;34m)\u001b[0m\u001b[0;34m\u001b[0m\u001b[0;34m\u001b[0m\u001b[0m\n\u001b[1;32m     35\u001b[0m                     \u001b[0;32mfor\u001b[0m \u001b[0ma\u001b[0m \u001b[0;32min\u001b[0m \u001b[0mrange\u001b[0m\u001b[0;34m(\u001b[0m\u001b[0mlen\u001b[0m\u001b[0;34m(\u001b[0m\u001b[0mself\u001b[0m\u001b[0;34m.\u001b[0m\u001b[0mactions\u001b[0m\u001b[0;34m)\u001b[0m\u001b[0;34m)\u001b[0m\u001b[0;34m:\u001b[0m\u001b[0;34m\u001b[0m\u001b[0;34m\u001b[0m\u001b[0m\n\u001b[0;32m---> 36\u001b[0;31m                         \u001b[0;34m[\u001b[0m\u001b[0mnew_state\u001b[0m\u001b[0;34m,\u001b[0m \u001b[0mreward\u001b[0m\u001b[0;34m]\u001b[0m \u001b[0;34m=\u001b[0m \u001b[0mself\u001b[0m\u001b[0;34m.\u001b[0m\u001b[0mgetNextState\u001b[0m\u001b[0;34m(\u001b[0m\u001b[0mstate\u001b[0m\u001b[0;34m,\u001b[0m \u001b[0mself\u001b[0m\u001b[0;34m.\u001b[0m\u001b[0mactions\u001b[0m\u001b[0;34m[\u001b[0m\u001b[0ma\u001b[0m\u001b[0;34m]\u001b[0m\u001b[0;34m)\u001b[0m\u001b[0;34m\u001b[0m\u001b[0;34m\u001b[0m\u001b[0m\n\u001b[0m\u001b[1;32m     37\u001b[0m                         \u001b[0mvalue\u001b[0m \u001b[0;34m+=\u001b[0m \u001b[0mself\u001b[0m\u001b[0;34m.\u001b[0m\u001b[0mpolicy\u001b[0m\u001b[0;34m[\u001b[0m\u001b[0mstate\u001b[0m\u001b[0;34m]\u001b[0m\u001b[0;34m[\u001b[0m\u001b[0ma\u001b[0m\u001b[0;34m]\u001b[0m\u001b[0;34m*\u001b[0m\u001b[0;34m(\u001b[0m\u001b[0mreward\u001b[0m \u001b[0;34m+\u001b[0m \u001b[0mself\u001b[0m\u001b[0;34m.\u001b[0m\u001b[0mdiscount\u001b[0m\u001b[0;34m*\u001b[0m\u001b[0mupdated_values\u001b[0m\u001b[0;34m[\u001b[0m\u001b[0mnew_state\u001b[0m\u001b[0;34m[\u001b[0m\u001b[0;36m0\u001b[0m\u001b[0;34m]\u001b[0m\u001b[0;34m,\u001b[0m \u001b[0mnew_state\u001b[0m\u001b[0;34m[\u001b[0m\u001b[0;36m1\u001b[0m\u001b[0;34m]\u001b[0m\u001b[0;34m]\u001b[0m\u001b[0;34m)\u001b[0m\u001b[0;34m\u001b[0m\u001b[0;34m\u001b[0m\u001b[0m\n\u001b[1;32m     38\u001b[0m                     \u001b[0mdelta\u001b[0m \u001b[0;34m=\u001b[0m \u001b[0mmax\u001b[0m\u001b[0;34m(\u001b[0m\u001b[0mdelta\u001b[0m\u001b[0;34m,\u001b[0m \u001b[0mnp\u001b[0m\u001b[0;34m.\u001b[0m\u001b[0mabs\u001b[0m\u001b[0;34m(\u001b[0m\u001b[0mvalue\u001b[0m \u001b[0;34m-\u001b[0m \u001b[0mupdated_values\u001b[0m\u001b[0;34m[\u001b[0m\u001b[0mi\u001b[0m\u001b[0;34m,\u001b[0m \u001b[0mj\u001b[0m\u001b[0;34m]\u001b[0m\u001b[0;34m)\u001b[0m\u001b[0;34m)\u001b[0m\u001b[0;34m\u001b[0m\u001b[0;34m\u001b[0m\u001b[0m\n",
      "\u001b[0;32m<ipython-input-127-335458aa30c2>\u001b[0m in \u001b[0;36mgetNextState\u001b[0;34m(self, state, action)\u001b[0m\n\u001b[1;32m     10\u001b[0m             \u001b[0;32mreturn\u001b[0m \u001b[0mstate\u001b[0m\u001b[0;34m,\u001b[0m \u001b[0;36m0\u001b[0m\u001b[0;34m\u001b[0m\u001b[0;34m\u001b[0m\u001b[0m\n\u001b[1;32m     11\u001b[0m         \u001b[0;32melse\u001b[0m\u001b[0;34m:\u001b[0m\u001b[0;34m\u001b[0m\u001b[0;34m\u001b[0m\u001b[0m\n\u001b[0;32m---> 12\u001b[0;31m             \u001b[0mnext_state\u001b[0m \u001b[0;34m=\u001b[0m \u001b[0mtuple\u001b[0m\u001b[0;34m(\u001b[0m\u001b[0mnp\u001b[0m\u001b[0;34m.\u001b[0m\u001b[0marray\u001b[0m\u001b[0;34m(\u001b[0m\u001b[0mstate\u001b[0m\u001b[0;34m)\u001b[0m \u001b[0;34m+\u001b[0m \u001b[0mnp\u001b[0m\u001b[0;34m.\u001b[0m\u001b[0marray\u001b[0m\u001b[0;34m(\u001b[0m\u001b[0maction\u001b[0m\u001b[0;34m)\u001b[0m\u001b[0;34m)\u001b[0m\u001b[0;34m\u001b[0m\u001b[0;34m\u001b[0m\u001b[0m\n\u001b[0m\u001b[1;32m     13\u001b[0m             \u001b[0;32mif\u001b[0m\u001b[0;34m(\u001b[0m\u001b[0mnext_state\u001b[0m\u001b[0;34m[\u001b[0m\u001b[0;36m0\u001b[0m\u001b[0;34m]\u001b[0m \u001b[0;34m<\u001b[0m \u001b[0;36m4\u001b[0m \u001b[0;32mand\u001b[0m \u001b[0mnext_state\u001b[0m\u001b[0;34m[\u001b[0m\u001b[0;36m1\u001b[0m\u001b[0;34m]\u001b[0m \u001b[0;34m<\u001b[0m \u001b[0;36m4\u001b[0m\u001b[0;34m)\u001b[0m\u001b[0;34m:\u001b[0m\u001b[0;34m\u001b[0m\u001b[0;34m\u001b[0m\u001b[0m\n\u001b[1;32m     14\u001b[0m                 \u001b[0;32mreturn\u001b[0m \u001b[0mnext_state\u001b[0m\u001b[0;34m,\u001b[0m \u001b[0;34m-\u001b[0m\u001b[0;36m1\u001b[0m\u001b[0;34m\u001b[0m\u001b[0;34m\u001b[0m\u001b[0m\n",
      "\u001b[0;31mKeyboardInterrupt\u001b[0m: "
     ]
    }
   ],
   "source": [
    "fake_policy = {}\n",
    "\n",
    "for i in range(4):\n",
    "    for j in range(4):\n",
    "        fake_policy[(i,j)] = np.ones(4)/4\n",
    "        \n",
    "dp = DP(4, [(0,-1),(0,1),(1,0),(-1,0)], fake_policy, 1)\n",
    "\n",
    "policy, v = dp.policy_iter()\n",
    "\n",
    "print(\"policy distribution\")\n",
    "for i in range(4):\n",
    "    for j in range(4):\n",
    "        print((i,j), policy[(i,j)])\n",
    "print()\n",
    "\n",
    "m = [[0 for i in range(4)] for j in range(4)]\n",
    "\n",
    "c = 0\n",
    "for i in range(4):\n",
    "    for j in range(4):\n",
    "        m[i][j] = c\n",
    "        c+=1\n",
    "        \n",
    "print(m)\n",
    "\n",
    "new_policy = np.zeros((16,4))\n",
    "for i in range(4):\n",
    "    for j in range(4):\n",
    "        new_policy[m[i][j]] = np.array(policy[i,j])\n",
    "print()\n",
    "        \n",
    "print(new_policy)\n",
    "print()\n",
    "\n",
    "print(np.reshape(np.argmax(new_policy, axis=1), (4,4)))\n",
    "print()\n",
    "\n",
    "print(np.round(v))\n",
    "print()\n",
    "\n"
   ]
  }
 ],
 "metadata": {
  "kernelspec": {
   "display_name": "Python 3",
   "language": "python",
   "name": "python3"
  },
  "language_info": {
   "codemirror_mode": {
    "name": "ipython",
    "version": 3
   },
   "file_extension": ".py",
   "mimetype": "text/x-python",
   "name": "python",
   "nbconvert_exporter": "python",
   "pygments_lexer": "ipython3",
   "version": "3.7.3"
  }
 },
 "nbformat": 4,
 "nbformat_minor": 2
}
